implementation <8,8>
range [1,1]
states = 3;
inputs = 1;
outputs = 1;
A = [-1.0003,-0.002,0.0;-8.007,-1.0003,0.0001;0,0,-0.9216]
B = [0.00008;0.0016;1.9608]
C = [-0.00016,-0.0000831,0.000016]
D = [0.0]
x0 = [0.0;0.0;0.0]
inputs = [1.0]
_POr = 0.08;
K = [-3911249,-910.6,1593.2]
