implementation <8,8>
range [1,1]
states = 17;
inputs = 1;
outputs = 1;
A = [0.00408677143846407,-0.000847077067121588,-0.00117183442579811,-0.00159683101166729,-0.00215925014149050,-0.00290739040277843,-0.00390684080814124,-0.00525000767663351,0.00399094292311037,0.0231891322294369,0.00660070674680456,0.0238201957920382,0,0,0,0,0;0,0.00673794699908547,-0.00168590667877227,-0.00229734509259448,-0.00310649197065488,-0.00418283401642189,-0.00562073349812998,-0.00755313447939872,0.00574173038489474,0.0333619767774908,0.00949637196524229,0.0342698817267714,0,0,0,0,0;0,0,0.0111089965382423,-0.00317811468629234,-0.00429747702537706,-0.00578647337779834,-0.00777564316990291,-0.0104488993377171,0.00794302855055917,0.0461524864949854,0.0131371465725889,0.0474084693520526,0,0,0,0,0;0,0,0,0.0183156388887342,-0.00585607013667992,-0.00788509019229603,-0.0105956847452262,-0.0142384675965571,0.0108237768381424,0.0628909000096617,0.0179016784198339,0.0646023980951710,0,0,0,0,0;0,0,0,0,0.0301973834223185,-0.0106622942496611,-0.0143275860865391,-0.0192533918416156,0.0146360143925425,0.0850416755136400,0.0242068204954162,0.0873559795672907,0,0,0,0,0;0,0,0,0,0,0.0497870683678639,-0.0192918298267337,-0.0259243362247070,0.0197071228396131,0.114507044123142,0.0325940363452155,0.117623211752545,0,0,0,0,0;0,0,0,0,0,0,0.0820849986238988,-0.0348361384800161,0.0264816832466926,0.153870217213486,0.0437986282041226,0.158057604929950,0,0,0,0,0;0,0,0,0,0,0,0,0.135335283236613,0.0355860520463487,0.206770600914350,0.0588565405118364,0.212397607167244,0,0,0,0,0;0,0,0,0,0,0,0,0,0.223130160148430,1,0,0,0,0,0,0,0;0,0,0,0,0,0,0,0,0,0.367879441171442,0.263789637840790,0.951946672122702,0,0,0,0,0;0,0,0,0,0,0,0,0,0,0,0.585281481861601,1,0,0,0,0,0;0,0,0,0,0,0,0,0,0,0,-0.0253250281613304,0.585281481861601,0.729977700021792,1.40721156998856,-0.105984149963956,-0.308132816194434,0.289556231282493;0,0,0,0,0,0,0,0,0,0,0,0,0.523022834491307,1,0,0,0;0,0,0,0,0,0,0,0,0,0,0,0,-0.0943265557721208,0.523022834491307,-0.161913044011440,-0.470737579598697,0.442357945366104;0,0,0,0,0,0,0,0,0,0,0,0,0,0,0.295494261925863,1,0;0,0,0,0,0,0,0,0,0,0,0,0,0,0,-0.280562582340332,0.295494261925863,0.0909255967761409;0,0,0,0,0,0,0,0,0,0,0,0,0,0,0,0,0.606530659712633]
B = [0;0;0;0;0;0;0;0;0;0;0;0.254666901644202;0;0.389057168153895;0;0.0799697520186984;0.0710624911926706]
C = [-0.00423317093798445,-0.00609022145075827,-0.00842512615880826,-0.0114807198281715,-0.0155243389765512,-0.0209032354717123,-0.0280889739764662,-0.0377459272714434,0.0286936421046917,0.166722670238356,0.0474570347609043,0.171259821573130,0,0,0,0]
D = [0.0]
x0 = [0.0;0.0;0.0;0.0;0.0;0.0;0.0;0.0;0.0;0.0;0.0;0.0;0.0;0.0;0.0;0.0;0.0]
inputs = [1.0]
tsr = 27.0;
ts = 0.5;
p = 5.0;
K = [-6.4839,1.8316,-2.9681,12.3930,5.4024,4.5476,4.0318,4.2358,-2.5730,-1.3221,-0.9788,-1.5505,2.2437,0.5779,2.2646,-16.3434,1.1398]
