implementation <4,4>
range [1,1]
states = 4;
inputs = 1;
outputs = 1;
A = [-0.5,0.4,0.0,0.0;-0.4,-0.5,0.0,0.0;0.0,0.0,-0.8,0.4;0.0,0.0,-0.4,-0.8]
B = [-0.4;-0.6;2.5;1.6]
C = [0.0,2.6,0.0,2.0]
D = [0.0]
x0 = [0.0;0.0;0.0;0.0;0.0]
inputs = [1.0]
_POr = 0.02;
K = [12.347977063524752,-5.782590683291588,3.975068240418580,-8.098834473093163]
